Lesson 3x3
303
100
001
Lesson 4x4
4000
0204
2030
0002
Lesson 1
478309120
009128754
251070308
304782905
900630240
712905860
826090471
043067009
500814032
Lesson 2
200070940
030602800
160009702
410500603
007321000
350406109
901000384
000018067
006704501
Lesson 4
003900176
004006530
670150040
080320000
940010023
001078059
010094005
069000400
405067201
Lesson H
070250400
800000903
000003070
700004020
100000007
040500008
090600000
401000005
007082030
Lesson 7
082000590
000801003
005200078
000378420
000000000
027945000
910006800
200709000
073000950
Lesson S
980700010
005600040
000000306
804067002
000409000
500210403
208000000
070002100
050003028
